-140.403
-327.57
-320.031
4.69536
-283.687
-312.55
-101.488
-354.79
-552.289
-412.236
-388.974
121.613
-81.479
-172.522
-280.164
210.943
-259.909
-223.358
-530.574
-287.368
-184.85
-108.94
-189.753
-62.3665
-269.343
71.8832
215.634
71.0005
-540.572
-282.962
-600.891
-238.257
-112.653
-259.058
-359.132
65.022
-49.0385
-120.852
-209.152
-3.8435
-231.907
123.864
-152.142
-17.1448
-265.878
-287.178
-587.431
-231.982
-417.315
-630.247
-577.562
-266.476
-336.576
-16.269
-351.549
-476.644
-79.8786
-71.2864
-208.48
-382.882
-315.941
-262.646
-418.161
133.584
-424.215
-283.257
-144.409
-502.231
-262.834
-198.829
-475.813
-435.691
-318.504
-291.507
-165.632
-492.894
-325.556
-285.555
63.7743
-221.086
-112.675
-55.5845
-246.862
-562.724
-85.8793
-308.097
-285.673
-430.576
-219.354
-322.757
-570.764
-462.491
-790.453
-349.466
-647.193
-156.461
-464.977
-229.808
-381.001
-426.723
-289.059
-168.234
-253.692
-491.148
-294.166
-400.032
-306.17
-25.7483
-346.288
-482.42
-579.85
-169.674
-107.193
-247.651
-643.992
-53.4846
-769.57
-183.761
-364.832
-147.47
-150.772
-467.989
-419.74
-522.529
-218.707
-378.196
-129.908
-219.03
-309.605
-732.141
-540.949
-436.947
-62.5722
-316.943
-309.527
-118.073
-21.4166
-161.258
-196.19
-86.6098
-260.503
-135.899
-290.643
-660.722
-756.345
-480.675
-471.961
-347.142
-571.349
-32.4923
-97.805
-349.999
-455.833
-631.28
-485.586
-127.491
-201.447
-110.134
2.00359
-315.428
-422.765
-796.468
-158.509
-367.935
-335.982
-121.692
-396.567
-153.053
-361.539
-247.329
-519.809
-654.478
-415.555
-473.832
-245.987
-12.4757
-415.831
-235.85
-583.84
-63.9721
-440.387
98.7176
-449.712
-149.056
-356.68
-440.687
-323.555
-339.663
-264.413
-392.337
-447.565
-223.334
-297.068
-251.027
-443.898
-384.966
-294.824
-419.025
-255.966
-254.885
-217.278
-98.3224
-280.005
225.041
1.81002
-291.095
-174.081
-531.75
-271.358
-128.581
-551.091
-133
-705.756
-446.108
11.3213
-193.756
-610.635
38.3315
-427.634
84.3816
-140.648
-101.237
-400.021
-58.6331
-304.276
-118.39
-150.675
-341.313
-317.68
-206.795
12.2073
-28.606
-245.126
132.758
-444.808
-423.042
-352.723
-239.809
-34.5775
-413.909
-28.3833
-39.7429
-386.168
-457.761
-236.515
-496.08
40.4846
-83.0862
-80.9187
-0.909459
-223.557
106.613
-237.29
50.0496
76.1681
99.2969
-367.958
512.174
146.325
75.9068
-96.6856
-32.974
170.829
3.60606
-166.917
-332.072
96.8883
-51.0292
-153.478
30.4977
-125.934
-95.611
-220.63
-99.6928
209.748
186.82
-71.1761
-156.566
-226.795
-83.2165
96.7444
-463.446
267.591
-108.952
-104.028
110.016
22.9867
-182.385
-365.919
-194.923
5.08948
-114.907
-332.934
21.3841
-51.7013
-443.633
-52.087
-329.1
-16.8894
-344.511
-68.5667
-402.483
-131.994
-364.088
-414.239
-127.63
61.8939
-583.244
-5.62396
-279.515
-360.19
-129.171
-3.48792
-24.4455
-83.6536
-314.875
225.301
-446.974
-80.0402
-174.308
-252.766
-155.189
192.513
-125.037
-122.441
-63.7928
12.4307
-38.4434
-151.02
-100.466
-405.129
-453.563
131.762
-366.55
25.4304
-280.974
-312.38
-193.649
-114.415
-474.152
-290.242
-467.815
-161.892
-95.4104
-58.979
-234.436
-193.223
-515.669
-573.456
-384.921
-529.616
-535.222
-198.456
-120.186
-736.505
-773.366
-217.788
-360.056
-298.51
-632.119
-441.733
-332.769
-87.3925
-78.4117
-384.567
-443.379
-307.297
-336.245
-171.215
-0.160058
-528.975
-186.21
-238.141
-569.157
-151.257
-359.845
-406.059
-280.298
-250.732
-569.246
-204.66
-211.914
-627.332
-983.146
-537.454
-405.831
-856.475
-567.845
-406.32
-508.208
-514.446
-155.588
-79.5742
-471.774
-201.567
-623.858
-402.883
-450.567
-520.08
-454.565
-547.824
-238.348
-516.487
-232.586
-444.811
-128.281
-549.54
-308.525
-292.446
-643.167
-591.778
-543.774
-277.397
-427.712
-374.465
-696.195
-373.15
-238.496
-115.128
-525.447
-590.678
-270.03
-374.126
-429.958
-733.479
-222.733
-558.93
-523.82
-645.552
-252.695
-767.309
-250.809
-670.073
-516.848
-518.375
-376.092
-562.886
-427.859
-490.665
-545.619
-186.17
-197.468
-400.702
-252.359
-684.882
-692.265
-159.764
-440.083
-361.572
-277.195
-364.902
-464.004
-271.519
-311.015
-313.693
-563.387
-792.708
-451.592
-636.37
-359.493
-446.643
-595.394
-414.356
-193.71
-641.427
-411.519
-635.012
-280.009
-486.415
-907.812
-369.291
-161.127
-469.87
-31.2806
-336.235
-1017.05
-302.066
-777.002
-708.833
-586.608
-772.696
-272.688
-166.835
-762.844
-343.785
-435.535
-590.957
-432.831
-330.413
-409.069
-144.309
-597.787
-362.396
-283.329
-285.68
-147.376
-428.477
-330.491
-341.904
-554.655
-182.699
-188.708
-501.093
-552.669
-283.998
-315.429
-65.1923
-359.96
-453.016
-349.228
-302.072
-594.114
-373.3
-90.9884
-363.407
-151.939
-364.406
-497.524
-231.294
-496.222
-463.136
-281.289
-340.088
-639.522
-140.356
-176.477
-327.44
-538.959
-261.976
-106.422
-811.528
-358.819
-235.194
-577.121
-272.324
-397.48
-500.019
-623.61
-215.788
151.499
-226.189
-305.503
-130.886
-374.224
-135.126
-158.608
-4.90353
-446.123
-112.962
-185.54
-284.366
-300.965
-103.709
-244.151
-127.464
-244.539
-183.449
-132.008
-334.364
-163.532
-279.561
-96.8854
-199.16
-431.146
-289.513
-32.6746
-181.459
-367.162
-70.602
-190.44
-153.296
-125.697
70.6218
47.3393
-338.41
252.854
-81.4608
129.595
-17.5259
39.6561
55.1973
50.6084
-386.332
43.7016
-42.2767
32.1732
-204.256
75.9701
-381.732
347.88
80.367
36.7719
-207.28
-123.665
152.89
-202.872
288.744
-144.423
164.579
50.0267
154.716
-266.244
-59.6852
-24.4655
-161.948
-323.686
-65.7953
-14.9352
26.5734
-212.054
-273.919
67.9544
-123.028
244.886
-20.4017
73.7564
172.947
-6.94068
53.6158
75.457
-316.807
-133.056
97.9731
-610.651
-244.297
-241.008
-258.054
-438.92
-281.124
-229.177
-424.127
-250.327
213.831
-396.977
8.33417
-426.689
-58.6134
-49.1469
-268.855
-250.048
-376.579
-564.204
-481.162
-363.902
45.2432
18.956
-289.544
-274.082
-569.842
-25.9387
-428.375
-153.345
-565.193
-573.148
-223.501
73.43
-451.898
-305.899
-191.169
-130.995
-634.402
-34.1423
144.118
-472.215
-462.738
-6.08239
-350.665
-146.612
-12.0607
-412.075
-248.59
-430.107
-543.766
-129.012
-267.461
-406.775
-332.526
-442.783
0.624421
189.493
-250.849
-132.069
-523.003
-228.874
-466.525
-309.006
-348.218
-234.521
-520.686
-695.92
-494.783
-213.361
-546.638
-354.89
-127.28
-345.686
-164.277
-164.537
-137.882
-427.337
-392
-138.605
-274.821
-450.717
-451.371
-367.61
-160.315
-586.141
-137.228
-283.002
-243.408
-461.529
-347.72
-415.207
36.0104
-372.558
-508.993
-535.248
-36.1645
-430.577
-265.665
-684.308
-368.565
-391.92
-950.334
-501.676
-267.265
-566.161
-507.371
-125.382
23.3344
-219.981
-447.49
-575.802
-241.266
-309.773
-722.215
-259.727
-435.525
-339.736
-982.296
-650.989
-570.716
-543.378
-690.811
-321.889
-443.155
-760.59
-395.5
-407.879
-629.886
-539.757
-227.051
-593.755
-611.927
-311.238
-629.856
-269.28
-597.82
-614.539
-534.292
-283.627
-638.333
-584.368
-509.414
-754.678
-265.477
-338.618
-591.319
-510.903
-462.892
-825.214
-179.48
-91.6447
-614.808
-415.924
-744.441
-10.3188
-281.312
-458.446
-261.861
-893.389
-692.869
-453.788
-275.547
-315.076
-501.888
-578.427
-550.116
-775.018
-394.502
-134.016
-464.319
-712.953
-473.519
-676.041
-715.785
-378.025
-316.747
-43.7983
-270.851
-562.071
-447.278
-578.867
-660.994
-306.654
-331.324
-481.808
-319.084
-139.704
-229.656
-750.007
-412.751
-534.21
-593.151
-396.561
-472.645
-670.014
-509.982
-453.727
-101.6
-463.7
-344.973
-698.89
-863.212
-564.563
-348.971
-533.741
-779.087
-518.739
-181.287
-427.813
-297.748
-536.437
-786.302
-762.584
-674.552
-418.207
-216.651
-278.182
-400.848
-269.604
-626.781
-232.757
-545.68
-201.724
-175.976
-290.013
-457.85
-476.284
-195.641
-209.932
-324.415
-420.816
-555.905
-257.649
-422.851
-437.782
-511.986
-321.073
-223.328
-240.548
-309.017
-150.589
-557.1
90.6329
-98.4576
-390.86
-83.7231
-298.638
-231.401
92.532
-452.631
-210.5
225.129
-509.093
-12.4373
-368.17
4.06804
-79.0624
-279.376
-213.579
-141.59
-172.862
-86.9207
75.4797
-192.205
-25.9225
-290.101
-370.498
-220.73
-308.49
-259.152
-414.579
-248.376
-232.909
-289.078
-190.49
-442.315
126.644
-148.931
-316.324
-15.2798
-143.856
-312.864
-86.9097
-244.057
195.318
50.7561
-322.842
55.6587
-86.2893
150.495
-114.263
-19.3178
121.581
-110.382
-230.613
166.618
-179.861
-191.759
-107.294
-477.338
-221.907
52.3036
-275.315
-125.284
-456.898
-105.493
-243.753
-407.196
-372.826
-411.057
132.732
-1.24936
-288.62
-177.365
-54.7909
-147.181
-187.041
-133.691
-35.826
-305.22
-6.12518
-414.139
-281.689
192.506
-86.5436
-362.009
-218.892
-251.142
66.4523
-221.061
-181.091
-292.533
-120.981
-206.601
91.7126
-56.1572
215.671
97.0024
-346.859
49.7073
-260.801
-209.506
-569.963
-232.774
70.6073
-343.462
-204.225
-167.433
-323.734
-56.4997
7.68327
-440.091
-184.304
-81.8491
-132.455
-141.121
-238.303
-81.4922
-79.2532
-81.5361
29.5918
-427.531
-274.17
-265.628
-244.859
-130.311
-307.294
17.3636
-251.682
-654.447
-296.049
363.712
-42.7975
13.0912
-382.472
-298.984
-451.547
-594.983
-65.4724
-80.8817
-241.072
-455.107
-384.682
-481.639
-719.837
-87.2835
-194.815
-176.106
-520.006
-214.53
-359.443
-595.864
-140.817
-528.326
-287.875
-463.998
-537.286
-144.214
-468.909
-274.015
-442.479
-224.778
-697.369
-398.439
-365.496
-288.973
-421.858
-544.278
-667.634
-440.156
-1016.14
-544.503
-533.366
-570.726
-367.589
-276.857
-204.048
-469.972
-279.905
-483.862
-363.427
-256.404
-216.123
-738.274
-818.304
-540.372
-553.074
-342.927
-224.911
-528.312
-722.679
-168.072
-411.843
-516.444
-405.447
-482.867
-561.092
-32.5407
-441.978
-159.196
-766.785
-915.737
-588.832
-179.117
-472.428
-731.126
-447.598
-371.291
-320.785
-312.872
-550.008
-613.781
-254.981
-665.817
-350.727
-572.557
20.6051
-86.5142
-504.934
-309.317
-609.923
-324.196
-687.365
-514.601
-377.669
-439.399
-477.861
-673.599
-465.717
-352.888
-820.917
-361.361
-554.549
-855.726
-338.581
-471.187
-523.922
-35.9808
-434.691
-203.369
-816.67
-462.615
-567.524
-510.084
-698.15
-597.624
-332.919
-551.881
-449.643
-452.488
-523.264
-875.175
-453.684
-344.574
-287.237
-512.382
-589.884
-676.525
-648.513
-555.181
-254.948
125.444
-1010.46
-881.698
-512.196
-528.792
-50.9334
-77.8369
-696.684
-836.516
-438.861
-717.79
-104.556
-771.215
-391.525
-338.474
-738.243
-560.813
-471.189
-551.492
-500.236
-573.807
-573.112
-477.626
-593.404
-481.204
-222.482
-550.119
-227.05
-402.582
-190.961
-631.775
-869.971
-543.323
-306.636
-265.393
-561.876
-303.759
-429.55
-320.75
-617.823
50.1357
-838.415
-408.726
-747.64
-500.671
-336.978
-547.476
-127.124
-403.45
-205.556
-74.8647
-219.795
-180.518
-562.983
-473.704
-363.37
-147.914
-68.5808
-706.468
-113.426
-412.116
-252.004
-554.578
-225.81
-295.567
-61.0073
-388.252
-154.743
-512.349
-125.55
-197.236
-579.867
-402.659
-299.035
-3.63961
-106.902
283.141
-158.429
-318.318
32.679
-359.746
-539.638
-38.4166
-198.186
305.631
-178.794
-167.489
-457.64
-169.605
-55.3865
-388.155
-396.88
-88.668
125.973
-73.2263
-138.166
-164.305
-6.53777
39.9978
-261.475
-453.645
173.783
93.1993
-229.151
-316.921
3.68162
52.6601
-144.524
231.659
-123.052
-668.075
156.425
33.3947
92.5922
-245.016
-255.707
161.368
-62.7016
-122.825
-19.8633
-279.145
-116.617
-134.547
344.536
-263.197
-233.225
-360.681
-187.988
29.2859
184.18
-9.07835
-82.6028
-250.448
-264.524
-32.3798
61.6836
-11.1892
-119.291
-237.587
-216.868
172.171
-298.973
-92.1343
-67.6075
-81.5162
-497.37
-94.7096
-524.763
-27.2296
-187.089
-79.7875
-267.69
30.3936
-549.723
-35.4276
-314.663
138.888
-179.213
-509.541
144.445
221.061
-316.948
-353.096
-175.872
-315.877
34.3831
-394.316
-420.071
64.4524
-93.1948
-345.857
-199.649
-246.248
-462.759
-291.661
32.1574
-26.7781
-325.489
-375.913
-493.959
3.33808
-217.427
-303.23
-397.234
-448.826
133.538
-257.354
-379.623
-249.289
-335.989
-333.087
-70.1711
-294.2
66.4775
13.3081
-303.887
-8.03486
-377.664
-298.343
-321.522
-197.723
-317.43
-165.837
124.66
-335.906
-256.555
-29.8712
-496.988
-486.349
-418.869
-751.359
-246.711
-535.353
-514.201
-483.621
-579.876
-221.496
-941.755
-173.181
-90.0447
-537.17
-492.382
-366.282
-293.626
-219.156
-501.736
-102.168
-264.397
-387.678
-333.748
-530.094
-159.697
-480.206
-595.017
-210.231
-439.913
-317.031
-560.281
-429.687
-231.175
-266.998
-251.585
-514.214
-311.273
-238.016
-195.141
-330.259
-457.491
-583.04
-554.626
-308.725
-861.795
-600.74
-323.448
-204.68
-942.406
-259.945
-556.206
-434.729
-430.776
-474.259
-613.268
-479.087
-556.106
-584.859
-141.254
-693.981
-297.062
-350.257
29.5376
-555.924
-509.801
-476.021
-342.101
-266.617
-567.364
-210.998
-382.807
-867.162
-866.412
-615.066
-801.318
-640.034
-633.845
-484.806
-539.136
-157.652
-283.203
-376.518
-25.282
-523.87
-539.426
-779.61
-422.489
-414.425
-599.782
-55.0639
-461.546
-563.862
-597.926
-324.079
-359.406
-434.465
-299.231
-427.959
-561.836
-719.936
-626.857
-514.727
-369.204
-492.298
-613.983
-80.3925
-529.094
-503.928
-350.022
-298.455
-666.38
-421.045
-503.425
-505.391
-516.639
-458.292
-341.721
26.0266
-771.996
-777.58
-791.091
-336.318
-633.625
-557.133
-491.301
-729.991
-782.756
-541.679
-714.577
-517.401
-738.462
-724.209
-421.418
-579.859
-456.606
-702.343
-497.048
-651.591
-525.581
-565.316
-738.711
-815.155
-507.748
-473.109
-544.97
-463.353
-682.071
-713.18
-369.662
-549.446
-560.58
-595.947
-180.003
-902.16
-234.597
-461.45
-414.811
-721.707
-368.767
-599.129
-740.566
-472.928
-442.586
-509.299
-485.457
-314.98
-129.774
-476.409
-201.727
-611.197
-216.78
-299.682
-783.279
-524.4
-272.032
-17.2493
-228.62
-432.787
-21.4868
-411.044
-165.586
-71.1246
-142.023
-287.435
-449.806
-218.971
-447.677
-836.207
-61.5422
-111.073
-260.644
-342.038
-382.387
-290.013
171.713
-348.818
-136.767
-123.676
-213.329
-246.006
-108.586
149.262
-194.323
264.004
-237.661
-66.9737
-257.447
-175.374
6.62979
73.3052
254.077
-562.369
26.8898
-400.104
-38.3031
-46.8478
-119.621
-108.169
-36.3594
134.033
-64.5114
121.678
492.182
-101.247
-66.9769
-588.773
-107.257
-446.475
350.582
-75.7671
-373.559
-54.0763
-29.9629
208.775
-305.468
-63.7955
-62.9823
-255.366
-241.276
93.9691
202.229
-70.9119
-49.2459
-131.085
-0.75524
57.3305
-172.668
-268.062
-405.782
-161.988
-28.4262
-189.812
-56.8854
29.2478
-156.616
116.191
-114.187
6.30881
-330.087
-457.928
209.414
-93.8989
-77.5788
-165.937
-307.577
-607.838
-204.337
-133.211
-288.669
155.569
-151.405
-98.0697
-203.106
107.267
117.3
-20.1976
-405.488
-225.071
-642.886
-374.716
-55.0673
-351.186
46.8032
-404.76
-366.218
-151.387
-127.463
35.6172
-91.6444
-287.541
207.35
97.7706
-289.543
-304.341
-431.827
-49.2639
-95.1659
-226.688
-57.0257
-145.105
-576.725
-164.828
-67.9596
-585.024
-429.077
-417.697
74.5819
-243.35
-230.172
-158.503
-129.627
-513.884
-114.45
-478.019
-340.253
-512.489
-291.353
11.9385
-235.525
-318.65
-570.029
-497.89
-847.855
-347.78
-64.6735
-162.859
-453.802
98.6047
-625.379
-216.668
-336.124
9.0718
-677.193
-573.738
-115.6
-410.225
-345.385
-104.834
-602.081
-668.714
-289.137
-68.5042
-742.17
-299.584
-461.95
-463.357
-548.889
-116.409
-373.041
-197.28
-388.658
-364.037
-218.31
-236.339
-467.233
-162.805
-836.297
-609.757
-1023.48
-464.525
-340.538
-691.633
-639.873
-447.827
-581.827
-432.124
-167.83
-346.29
-527.788
-535.571
-392.531
-240.603
-523.859
-543.523
-327.6
-615.913
-268.236
-668.89
-434.886
-392.092
-656.727
-359.218
-201.312
-150.202
-738.712
-411.948
-609.244
-459.851
-443.185
-187.013
-574.396
-440.339
-286.397
-361.762
-752.385
-328.12
-126.034
-577.477
-5.1342
-357.508
-444.715
-270.362
-509.331
-455.722
-672.312
-37.8737
-461.039
-552.181
-149.354
-543.417
-235.042
-509.203
-523.5
-762.258
-293.355
-505.364
-323.7
-519.287
-230.78
-548.589
-175.776
-492.736
-627.872
-141.126
-668.948
-513.959
-541.203
-320.491
-551.144
-513.077
-414.417
-73.6526
-625.153
-410.258
-635.128
-655.91
-296.365
-663.519
-322.522
-439.578
-401.841
-180.2
-775.21
-56.7515
-333.393
-848.492
-727.129
-700.695
-644.637
-512.935
-447.667
-732.713
-476.776
-104.244
-574.369
-575.668
-657.765
-974.311
-350.606
-709.064
-607
-617.807
-495.882
-307.316
-710.435
-985.459
-200.045
-610.379
-661.817
-620.932
-417.31
-418.158
-545.472
-397.258
-585.362
-401.036
-679.768
-456.6
-389.555
-538.189
-613.118
-416.42
-676.36
-493.763
-637.99
-694.881
-418.713
-252.13
-550.415
-679.934
-310.186
-393.689
-436.11
-582.601
-279.48
-478.249
-386.082
-593.993
-490.391
-530.36
-416.567
-525.359
-405.832
-366.828
-411.872
-786.137
-249.64
-231.415
-485.209
-286.641
-195.575
87.3886
-335.823
-310.936
-330.226
-311.662
-491.843
-315.795
-247.166
-580.673
-275.657
-322.855
-132.909
-240.974
-329.283
-66.4492
-311.452
-206.309
-137.932
-214.019
-38.6112
72.4619
-151.792
15.9461
-157.41
-4.90698
50.052
-246.7
-92.9742
-124.127
-432.446
13.2645
-238.426
192.584
193.726
134.091
-256.119
-179.114
-166.009
-227.55
83.9316
200.825
170.237
-61.7005
-258.271
-218.181
-113.697
-116.489
-21.6987
-353.138
-151.089
-358.755
-10.4726
-89.739
105.938
6.95139
-161.523
-371.574
-436.487
-319.022
-503.379
-153.219
-601.195
-223.452
-394.413
-98.2576
52.7972
-83.1784
-229.089
-419.838
255.985
86.9901
-228.836
-144.385
-205.245
-117.693
-120.942
-27.4843
-250.735
39.917
41.835
-85.3626
-345.126
-166.772
-385.022
-220.339
-512.141
-277.44
-575.471
-152.406
-432.355
-242.415
-3.3953
-203.526
-188.338
-301.379
-175.688
-236.842
-431.086
-403.269
-218.811
-157.349
135.387
-128.757
-736.213
29.6035
-582.31
-323.736
-161.738
-3.65471
-496.175
-186.731
-240.718
-334.174
-269.69
-175.654
-591.215
-465.327
-564.999
-372.967
-350.514
-420.191
-343.371
-328.766
103.706
-681.375
-399.444
-532.824
-503.267
-218.666
-837.151
-236.932
-291.745
-500.591
-367.681
-313.677
-420.61
-406.636
-93.6905
-318.877
-667.612
-550.47
-502.972
-747.965
-131.411
-457.142
-114.539
-530.863
-322.872
-485.207
-592.046
-880.257
-293.619
-452.442
-520.272
-615.396
-376.217
-275.324
-419.615
-375.071
-516.285
-913.439
-663.945
-613.853
-526.472
-678.077
-499.614
-487.562
-702.3
-944.281
-687.165
-428.802
-655.63
-161.218
-487.189
-900.821
-406.459
-571.771
-326.451
-675.365
-544.587
-589.134
-670.291
-695.653
-717.034
-621.305
-678.826
-1068.08
-249.459
-255.868
-375.88
-500.729
-752.044
-690.437
-377.919
-793.443
-710.566
-371.217
-467.593
-543.886
-1213.77
-376.355
-647.887
-574.018
-909.808
-703.384
-729.744
-447.202
-427.711
-908.338
-762.101
-232.941
-724.564
-784.201
-617.758
-901.086
-641.819
-520.914
-802.686
-803.344
-615.897
-651.344
-856.14
-815.214
-622.897
-728.603
-439.04
-700.659
-754.378
-1098.06
-735.53
-730.949
-475.391
-896.389
-721.94
-868.835
-598.996
-1095.68
-1013.92
-627.778
-778.102
-1053.67
-702.352
-786.599
-797.624
-675.884
-874.363
-543.013
-648.927
-1067.29
-826.095
-838.02
-531.988
-789.347
-361.493
-1061.92
-548.635
-889.868
-468.712
-763.081
-641.968
-343.936
-907.257
-481.286
-519.672
-913.377
-826.799
-637.805
-875.847
-832.348
-657.566
-674.678
-675.467
-627.843
-812.982
-787.68
-353.498
-742.679
-340.065
-674.181
-1073.67
-824.082
-662.335
-844.277
-635.182
-810.744
-751.414
-536.143
-866.83
-1051.91
-503.264
-817.303
-451.37
-523.839
-488.081
-538.346
-894.681
-626.025
-495.466
-531.902
-802.689
-660.001
-626.239
-1022.6
-366.437
-611.237
-835.357
-993.332
-508.032
-701.486
-711.425
-776.582
-562.968
-771.533
-109.187
-420.48
-430.96
-609.436
-575.666
-578.591
-84.5268
-561.32
-295.952
-702.395
-471.373
-646.59
-460.373
-476.128
-475.971
-881.336
-76.3474
-504.703
-397.843
-300.092
-224.703
-863.721
-275.903
-296.84
-102.475
-300.045
-225.69
-401.3
-330.418
-290.867
-316.969
19.6261
-112.72
-293.275
-304.554
-271.944
-364.101
-247.43
-10.7192
-358.633
-266.945
-32.1731
-269.805
-155.785
154.101
25.9702
-315.742
78.9143
-22.6722
207.177
-377.619
40.5453
74.9401
-400.816
78.9814
4.84573
67.7765
-69.8858
-96.9678
-189.446
-305.597
-97.8089
-448.953
-316.82
-407.725
17.9506
-3.45363
-169.627
-183.068
70.7503
-203.08
-500.421
-290.27
-52.3772
-240.466
-406.125
-485.785
-456.826
-140.212
-184.36
-369.007
-293.951
-392.864
-58.7102
-297.321
-447.722
-250.452
-59.8023
-15.3796
-365.207
-433.356
11.6626
-183.11
-297.316
-214.196
-320.172
-274.367
-145.383
-433.802
-213.801
-298.46
-236.178
-138.962
-416.275
-274.566
-318.507
-174.89
-403.067
-22.6627
45.7185
-583.545
-265.886
-654.407
-103.385
-103.967
-521.732
-575.855
-558.413
-475.254
-665.277
-655.581
-176.655
-366.291
-147.848
-476.412
-236.096
161.994
-213.997
-222.22
-669.911
-489.573
-466.288
-132.637
-307.548
-585.014
-485.394
-405.362
-869.282
-129.164
-183.429
-398.524
-158.19
-348.361
-425.549
-739.551
13.7617
-298.259
-452.771
-555.613
-430.613
-367.746
-491.032
-659.292
-518.959
-769.169
-11.7328
-566.325
-441.413
-136.659
-303.956
-578.458
-958.739
-548.479
-547.272
-134.303
-520.29
-688.916
-315.969
-253.29
-547.083
-562.067
-409.594
-432.206
-328.057
-532.784
-782.163
-531.92
-629.054
-362.699
-470.671
-170.177
-624.064
-230.047
-377.179
-382.08
-491.494
-739.044
-665.022
-463.569
-584.55
-461.956
-489.473
-517.709
-312.486
-595.614
-655.026
-366.668
-718.558
-550.699
-698.361
-442.908
-424.548
-407.884
-545.24
-577.493
-647.037
-239.416
-665.877
-423.274
-665.286
-602.072
-506.249
-861.596
-760.025
-613.333
-452.311
-821.465
-686.461
-822.937
-740.798
-773.888
-653.957
-853.72
-560.539
-585.654
-932.773
-546.737
-570.141
-523.506
-743.579
-93.2277
-800.267
-546.847
-906.576
-846.123
-856.384
-498.54
-768.502
-941.411
-500.3
-453.74
-1114.95
-684.508
-393.025
-700.599
-919.451
-579.457
-702.977
-570.101
-395.518
-1034.85
-411.437
-622.425
-988.699
-770.749
-792.352
-665.918
-649.011
-843.833
-991.721
-553.136
-820.426
-718.866
-801.075
-692.365
-1046.34
-620.33
-1128.72
-581.581
-1014.43
-926.563
-1293.28
-922.621
-475.566
-904.062
-667.402
-1078.86
-879.808
-660.32
-491.409
-1006.6
-835.572
-601.215
-716.929
-621.12
-553.112
-476.45
-578.73
-939.954
-708.162
-744.126
-842.889
-512.893
-952.116
-895.941
-551.388
-510.403
-994.022
-711.463
-723.529
-782.894
-780.569
-958.888
-502.698
-1059.11
-660.204
-1082.77
-494.934
-768.658
-774.423
-710.82
-916.598
-744.383
-675.687
-595.752
-863.102
-763.671
-540.56
-641.027
-352.14
-433.22
-485.627
-692.129
-568.495
-539.729
-899.65
-495.355
-636.978
-828.251
-667.68
-461.328
-430.236
-616.103
-530.79
-289.919
-88.0229
-423.266
-336.306
-521.999
-490.283
-690.329
-642.63
-195.538
-478.758
-481.572
-283.342
-725.665
-183.203
-434.075
-189.441
-66.0632
-79.5938
-104.529
-50.8908
-203.726
-283.027
-234.867
-78.8576
-299.319
-198.75
124.16
-119.882
-318.371
-590.687
39.2821
-75.8495
-103.086
107.483
419
133.71
-105.973
-315.43
-142.749
-171.841
-193.219
120.716
-195.976
-89.9435
-230.432
7.65165
-259.743
229.461
-202.382
-78.0913
-300.132
17.972
-185.521
-434.999
-76.6458
-55.2897
44.6208
-266.184
113.782
-59.0927
-178.262
-145.621
-357.913
-180.615
-10.5952
-386.099
-86.5113
-389.118
-595.336
-292.398
-493.36
-179.332
-290.112
-484.925
-306.571
-402.579
-275.707
-571.732
-1.44396
-690.878
-293.246
-462.005
47.3507
-157.591
-294.21
-87.8729
-205.713
214.528
-371.374
-361.061
-323.79
-510.963
-171.041
-327.74
-479.69
-316.268
-299.369
-561.652
-398.169
-767.144
-505.996
-247.907
-372.362
120.884
-288.38
-459.684
-721.012
-90.4423
-683.6
-698.638
-168.974
-333.877
-168.776
-231.713
-422.912
-708.667
-311.485
-273.313
-297.846
-223.412
-432.53
-104.028
-123.209
-454.176
-505.253
-435.662
-351.751
-728.434
-326.109
-170.84
-483.94
-464.967
-777.525
-668.963
-763.056
-508.915
-589.127
-892.436
-738.689
-423.658
-640.099
-680.719
-540.009
-1024.9
-549.122
-605.597
-336.294
-535.241
-631.731
-394.803
-721.352
-648.996
-755.522
-585.977
-538.971
-532.034
-548.887
-484.117
-637.3
-639.171
-259.762
-464.221
-496.42
-409.761
-471.911
-610.948
-253.977
-731.303
-441.634
-342.81
-405.9
-668.989
-459.257
-421.389
-640.52
-82.6652
-386.702
-346.882
-146.041
-651.51
-335.885
-619.499
-210.28
-501.245
-172.256
-766.625
-276.578
-436.242
-754.085
-236.031
-192.685
-516.031
-745.238
-756.284
-637.03
-821.665
-482.311
-689.18
-553.054
-415.701
-574.38
-831.044
-845.242
-287.386
-472.671
-680.595
-829.754
-585.905
-1140.22
-487.688
-490.361
-342.139
-653.98
-863.94
-444.757
-837.03
-450.365
-743.827
-857.732
-467.554
-625.467
-656.396
-730.856
-1091.19
-891.93
-667.433
-361.359
-290.905
-812.883
-920.669
-589.676
-494.546
-563.319
-698.416
-302.322
-447.919
-272.933
-433.031
-503.785
-231.543
-647.19
-561.765
-577.783
-627.911
-696.722
-877.296
-740.899
-193.02
-579.074
-359.72
-743.884
-765.613
-586.271
-445.34
-552.251
-700.438
-902.034
-618.675
-771.224
-471.585
-818.99
-607.567
-727.19
-465.567
-713.653
-535.384
-798.113
-978.196
-618.434
-558.6
-622.62
-971.835
-517.109
-805.666
-635.415
-639.675
-515.488
-698.775
-647.874
-542.615
-896.958
-775.071
-698.501
-797.21
-684.941
-768.822
-583.113
-735.924
-697.445
-560.893
-587.563
-856.642
-657.291
-435.68
-736.711
-534.019
-566.947
-638.43
-1035.32
-881.025
-825.471
-718.852
-275.216
-817.396
-769.348
-560.959
-530.669
-475.875
-271.653
-280.894
-342.903
-448.572
-353.651
-739.558
-281.607
-377.492
-332.885
-355.054
-355.48
-474.935
-534.242
-724.377
-841.603
-837.281
-324.729
-345.873
-387.224
-358.471
-204.422
-605.276
-524.121
-580.826
-198.786
-116.963
-295.165
-565.536
-421.063
-391.532
-486.114
270.869
-329.248
-499.29
-145.762
82.6047
-210.389
-175.193
-386.17
-30.4821
-109.175
-241.287
-251.028
-126.922
-202.539
-291.673
-291.635
-300.529
-153.195
-182.704
-2.17295
17.7795
236.625
-417.725
-162.063
-81.8728
-267.38
-122.324
-146.746
70.0171
-590.156
-184
174.662
-464.964
-354.162
-247.248
-336.206
-231.807
-366.644
-276.506
90.5613
-345.057
-523.475
-225.314
-274.802
-222.91
-110.411
-118.029
-243.541
-501.075
183.559
121.371
-188.937
-281.399
-429.773
-298.599
-364.34
-425.698
-303.492
-115.202
-201.09
-220.743
-190.079
-430.244
-434.27
-369.743
-203.7
-512.266
-418.64
-108.823
-274.27
-555.391
-422.456
-463.773
-550.609
-542.914
-439.384
-418.01
-290.786
-255.374
-463.919
-414.722
-373.319
-15.6882
-402.707
-526.341
-673.754
-390.691
-288.683
3.45055
-345.327
-355.614
-441.943
-232.102
-393.709
-455.42
30.7664
-363.254
-530.039
-360.368
-683.491
-450.093
-633.342
-219.503
-328.985
-53.0302
-588.867
-403.742
21.9424
-338.386
-663.961
-119.177
-848.757
39.4273
-443.03
11.2785
-719.1
-557.741
-494.904
-169.737
-442.382
-431.751
-619.802
-403.466
-654.029
-409.964
-393.357
-171.191
-339.585
-456.814
-365.556
-432.854
-649.484
-289.682
-307.36
-586.061
-116.993
31.9864
-666.194
-828.872
-570.724
-540.532
-246.96
-758.566
-670.746
-63.6784
-631.168
-590.167
-747.941
-589.075
-456.368
-180.25
-267.556
-407.806
-505.508
-197.272
-254.827
-549.909
-607.596
-683.589
-538.998
-500.168
-432.053
-711.231
-272.2
-477.722
-642.119
97.4091
-591.176
-907.72
-784.008
-524.498
-342.124
-256.213
-314.648
-332.139
-539.76
-179.347
-804.545
-644.02
-767.424
-834.04
-581.471
-302.308
-478.701
-607.738
-634.111
-670.139
-914.694
-302.774
-415.565
-751.048
-369.641
-606.715
-352.277
-621.888
-295.959
-1037.71
-334.398
-662.538
-774.257
-313.464
-403.429
-1041.9
-286.217
-369.851
-962.451
-661.8
-463.574
-719.965
-531.56
-746.23
-724.971
-800.075
-822.361
-786.105
-757.25
-768.022
-668.9
-522.033
10.1898
-518.589
-615.812
-887.397
-421.869
-717.661
-949.341
-324.215
-948.515
-663.989
-777.208
-555.953
-415.711
-975.611
-840.037
-517.148
-517.926
-400.094
-954.31
-850.065
-679.735
-768.152
-1144.31
-809.527
-629.118
-956.806
-866.579
-635.408
-862.39
-1008.44
-378.779
-368.429
-520.448
-375.224
-950.296
-682.598
-506.831
-954.365
-586.17
-629.683
-536.342
-760.763
-866.176
-703.906
-962.268
-823.929
-258.338
-964.729
-787.438
-759.314
-768.247
-578.088
-322.132
-703.524
-611.895
-423.467
-413.874
-764.65
-766.792
-450.223
-756.382
-757.41
-722.066
-800.39
-677.3
-225.714
-922.764
-569.366
-486.373
-608.053
-392.616
-812.483
-538.758
-615.914
-508.873
-587.566
-692.558
-675.279
-596.277
-502.199
-670.44
-660.346
-195.038
-507.054
-681.293
-137.699
-675.844
-344.773
-468.459
-282.068
-309.263
-250.03
-550.957
-558.892
-308.806
-513.745
-461
-430.719
-136.395
-519.591
-427.472
24.3511
215.798
11.1959
-517.204
-444.257
-377.797
49.6826
-311.321
-280.701
-51.3156
308.406
-139.727
-111.215
108.33
195.362
-27.458
37.7934
-163.52
29.7813
-157.539
73.561
89.4382
-22.7104
-233.354
241.045
210.234
10.2285
-133.59
-36.4567
193.513
-347.788
21.5517
-31.9189
-79.9854
-448.028
-112.804
-32.0396
-120.076
-117.704
-401.945
-266.397
-196.632
-227.839
-88.4284
-472.161
-151.18
-38.9441
-650.332
-257.452
-458.87
-210.011
-80.7618
-121.395
-176.07
-138.166
-148.921
-415.605
-394.496
-347.322
-356.171
-333.303
-316.873
-132.646
-398.876
-295.671
-384.962
-557.865
-192.675
-278.823
-273.485
-104.449
-236.771
-443.484
-159.008
-461.046
-114.678
-278.674
-340.247
-189.157
-414.086
-236.687
-228.661
-492.082
-347.886
-119.987
-268.767
30.5896
-322.796
-165.285
-587.084
-439.587
-372.386
-519.518
-771.193
-656.325
-231.68
-236.037
-279.561
-765.802
-432.396
-567.427
-251.024
-224.831
-0.572191
-220.809
-176.228
-449.608
-67.9534
-597.603
-451.632
-596.802
-581.202
-250.032
-539.333
-756.742
-729.629
-487.322
-402.548
-230.59
-247.308
-466.859
-759.376
-124.643
-384.952
-262.851
-344.747
-680.824
-475.05
-434.053
-115.733
-365.287
-461.007
-37.8604
-447.634
-704.581
-459.347
-382.782
-333.063
-607.975
-409.009
-510.986
-836.315
-612.612
-443.79
-511.762
-404.119
-247.742
-732.842
-309.064
-271.525
-610.702
-496.632
-53.7985
-373.353
-34.4411
-641.912
-397.936
-710.664
-687.01
-962.341
-586.275
-608.426
-541.448
-542.768
-723.865
-1198.89
-764.56
-920.89
-367.393
-174.64
-495.466
-472.467
-655.837
-401.429
-489.578
-631.623
-1026.95
-465.41
-756.372
-242.387
-381.541
-678.26
-455.95
-588.325
-556.194
-101.437
-450.812
-278.686
-558.5
-665.377
-716.512
-741.801
-587.27
-542.786
-480.518
-490.626
-596.585
-653.973
-327.316
-237.619
-587.112
-502.751
-651.794
-699.188
-1116.31
-515.197
-821.402
-1024.3
-725.684
-929.324
-634.148
-661.975
-454.07
-555.358
-633.444
-668.924
-785.809
-579.214
-782.313
-613.095
-652.608
-433.09
-616.259
-564.762
-223.913
-473.168
-735.042
-824.377
-462.9
-516.703
-485.923
-764.78
-968.441
-280.591
-606.033
-690.319
-532.299
-650.036
-827.284
-724.311
-571.254
-1007.75
-550.097
-787.952
-804.534
-588.823
-908.442
-650.54
-777.144
-424.232
-845.352
-621.319
-462.799
-582.465
-611.206
-581.013
-584.058
-352.764
-629.198
-967.962
-806.552
-616.372
-722.667
-784.562
-828.532
-729.291
-720.702
-924.22
-543.738
-519.445
-843.617
-612.516
-463.36
-649.577
-810.381
-641.944
-615.884
-452.727
-916.291
-494.78
-755.867
-579.076
-764.622
-760.758
-1109.67
-505.414
-573.72
-985.176
-279.671
-825.747
-513.532
-273.895
-707.349
32.097
-229.637
-345.098
-479.401
-613.845
-567.246
-487.598
-589.193
-304.138
-485.014
-585.251
-814.927
-502.066
-600.245
-574.511
-256.69
-197.911
-644.221
-386.917
-248.211
-666.364
-547.42
-227.21
-109.955
-495.355
-781.503
-469.872
-25.9023
-458.333
-233.153
-504.371
-374.783
-76.4718
-616.413
-248.871
-143.498
-372.096
-143.909
-557.71
0.285648
-289.421
-96.09
-110.074
-261.485
151.139
149.721
-99.0587
-334.011
-145.849
-450.849
190.364
-328.445
165.131
-331.997
-83.5946
-133.203
-414.886
-341.112
-70.724
-96.6633
-361.107
-207.254
-551.481
-235.04
-363.738
-516.46
-222.892
-132.794
-315.028
-73.363
-323.524
-492.433
-225.934
-274.582
-96.4401
-143.12
-292.52
-305.747
-100.673
-311.956
-650.513
-702.216
-169.803
-264.247
-482.63
-329.097
-428.627
-440.968
-242.635
-315.981
-150.788
95.227
-504.2
-226.075
-323.701
-534.032
-758.605
-163.895
-417.296
-469.121
-321.713
-591.591
-466.456
-240.326
-209.743
-238.631
-419.195
-267.531
-374.507
-122.391
-361.066
-445.43
-144.109
-302.833
-563.886
-258.762
-3.91976
-697.984
-526.994
-389.034
-371.174
-89.2885
-396.579
-415.119
-745.308
-510.813
-697.126
-254.855
-402.11
-525.743
-342.012
-344.541
-606.04
-355.68
-409.124
-476.015
-606.5
-549.664
-366.882
-619.642
-427.962
-452.303
-352.358
-622.895
-274.743
-495.033
-286.938
-720.361
-817.087
-464.358
-796.059
-262
-299.997
-790.42
-290.426
-68.7057
-617.214
-254.087
-541.131
-676.323
-445.966
-254.388
-731.054
-709.914
-466.537
-512.375
-838.949
-688.106
-805.446
-548.644
-437.897
-671.195
-712.827
-452.016
-302.332
-497.61
-461.469
-508.148
-102.198
-504.661
-672.484
-560.908
-173.246
-491.878
-737.492
-998.005
-305.279
-495.629
-577.42
-393.33
-213.296
-483.9
-504.052
-667.997
-608.148
-450.204
-355.455
-315.193
-314.482
-437.45
-708.545
-568.474
-324.482
-609.217
-540.092
-736.568
-4.42877
-433.962
-304.43
-769.96
-672.254
-491.992
-414.255
-343.12
-475.238
-595.467
-723.292
-393.74
-430.435
-391.788
-18.961
14.5299
-401.95
-344.932
-522.844
-731.216
-604.929
-443.919
-646.3
-492.403
-319.782
-521.471
-397.063
-401.357
-987.205
-414.479
-995.575
-492.943
-474.863
-655.247
-674.652
-817.037
-1088.91
-281.756
-485.536
-610.842
-403.347
-489.374
-626.81
-831.037
-458.294
-680.816
-793.865
-371.553
-452.261
-852.622
-392.409
-1070.73
-808.247
-892.616
-909.468
-815.421
-488.014
-705.647
-914.664
-466.491
-872.84
-418.581
-626.516
-529.443
-208.768
-650.42
-440.292
-317.033
-748.765
-611.218
-761.355
-543.017
-331.384
-526.581
-650.308
-944.384
-650.228
-599.726
-847.166
-632.484
-428.751
-426.713
-821.962
-626.986
-723.708
-612.666
-642.989
-574.905
-910.743
-780.002
-814.783
-814.35
-458.443
-761.597
-641.363
-879.164
-1281.33
-618.312
-523.502
-764.318
-786.045
-707.9
-514.351
-333.776
-443.968
-907.381
-691.431
-807.126
-593.93
-546.454
-1079.37
-594.847
-1034.19
-664.083
-450.578
-732.868
-448.566
-384.301
-571.278
-624.03
-321.21
-156.791
-498.092
-484.242
-336.91
-508.798
-268.067
-522.088
-655.676
-708.17
-291.932
-801.803
-645.09
-561.221
-451.968
-316.695
-748.2
-194.773
-704.167
-149.971
-478.877
-273.685
-430.443
-279.658
-488.878
-181.624
-435.871
-94.1592
-100.276
-365.582
-456.74
-187.705
25.3811
101.853
-202.203
-270.013
-171.764
-459.381
-85.518
-297.8
-320.338
-473.546
-198.896
121.501
-174.226
44.8453
-79.1354
-119.329
33.8607
-128.6
-109.232
-14.8546
-304.294
21.5658
-296.306
113.028
-313.557
-107.45
-462.759
-466.799
-92.7407
-82.2082
-490.846
52.0883
73.2942
-255.639
124.234
-390.953
-651.196
-251.551
-483.626
-8.52377
-186.808
20.1785
-287.37
-378.408
-268.016
-323.924
-214.266
-256.971
-532.642
-613.68
-502.697
-623.728
-457.918
-212.829
-350.62
-453.729
-381.044
-389.515
-400.081
-308.989
-256.823
-239.244
-546.501
-544.214
-450.577
-301.859
-288.549
-845.546
-401.447
-72.1918
-631.685
-435.953
-44.6476
-489.518
-382.112
-389.556
-209.047
-407.977
-790.544
-409.156
-457.273
-274.864
-465.218
-719.525
-442.907
-581.861
-539.517
-664.723
-222.685
-537.922
-259.516
-680.403
-605.563
-436.007
-378.191
-380.662
-284.434
-521.238
-140.611
-408.631
-492.148
-321.538
-302.09
-194.301
-513.702
-511.818
-1004.76
-543.474
-657.037
-777.25
-582.2
-454.973
-215.44
-362.329
-543.965
-637.699
-521.472
-706.453
-639.303
-436.907
-675.94
-556.091
-571.593
-63.2242
-393.854
-476.854
-309.329
-828.484
-526.097
-528.662
-292.625
-992.043
-537.073
-489.395
-401.156
-539.55
-378.304
-540.311
-662.903
-225.678
-554.182
-448.894
-836.748
-647.469
-905.546
-593.433
-625.074
-704.258
-352.406
-722.225
-668.319
-634.24
-659.105
-664.914
-510.901
-403.813
-62.6087
-1186.33
-414.717
-351.199
-516.459
-301.32
-890.691
-175.117
-649.357
-928.15
-274.901
-415.477
-1095.46
-437.496
-387.215
-379.493
-424.439
-757.482
-611.523
-626.46
-227.984
-441.102
-422.566
-298.999
-659.879
-399.82
-441.351
-462.035
-215.051
-338.924
-682.873
-406.745
-523.512
-226.506
-617.404
-998.462
-259.808
-437.175
-345.612
-276.57
-228.372
-468.028
-270.818
-623.374
-660.939
-488.692
-784.24
-456.069
-683.483
-166.632
-616.585
-529.499
-915.111
-448.158
-72.41
-806.09
-307.69
-632.588
-672.886
-655.076
-706.287
-368.863
-560.034
-707.996
-533.482
-647.271
-617.241
-416.592
-515.37
-832.662
-442.252
-273.876
-646.274
-834.497
-455.159
-673.416
-562.673
-891.363
-209.798
-502.127
-700.451
-666.561
-763.704
-446.148
-712.815
-915.76
-493.611
-741.776
-674.772
-363.192
-505.491
-648.721
-839.667
-174.413
-928.935
-917.968
-530.289
-582.684
-519.899
-335.582
-416.989
-868.549
-411.692
-605.175
-390.613
-353.773
-450.301
-927.027
-521.891
-507.411
-586.809
-492.625
-627.571
-699.927
-978.493
-631.24
-581.054
-478.197
-658.112
-616.079
-659.9
-331.548
-552.356
-711.024
-398.308
-778.755
-584.361
-686.176
-718.269
-1036.86
-581.72
-520.096
-418.629
-359.112
-339.67
-653.049
-604.817
-272.202
-582.047
-525.578
0
