690.098
600.476
556.765
317.204
537.127
577.336
762.399
85.6456
-612.387
-414.559
413.65
-558.927
838.421
-451.162
-420.537
-616.743
398.921
771.75
812.269
497.335
748.59
396.983
1066.56
616.737
-522.739
-483.237
495.025
-642.205
441.233
-281.354
-241.813
-654.28
627.322
469.465
613.479
792.491
808.525
403.215
521.501
554.235
-387.066
-560.291
791.771
-575.004
560.415
-215.466
-412.208
-484.353
242.163
170.395
581.668
614.84
353.579
289.333
620.775
360.438
-448.091
-198.022
308.768
-250.769
245.878
-463.32
-56.9497
-517.899
225.923
343.782
-601.277
303.467
-82.8312
331.461
77.7819
511.989
-238.169
-278.586
255.618
-97.1182
373.936
-422.521
-3.372
-414.525
-47.9491
85.5239
-43.4469
80.5223
444.105
-15.1554
15.6213
234.505
45.0476
254.846
64.9311
-385.826
403.353
-171.828
-234.145
63.5974
385.729
-92.9492
79.3706
194.148
61.9917
-40.2937
-161.287
-96.1528
204.301
145.559
135.742
-215.49
15.6152
-155.962
-61.2049
66.4662
299.251
-97.4974
-93.2329
-104.359
227.245
44.285
-232.269
-34.8414
265.347
78.3355
-141.823
-283.15
-318.726
114.388
-77.5674
-171.889
-392.444
-208.857
63.3981
-240.051
246.183
-98.4663
-301.772
45.2537
184.202
13.7722
-219.293
-327.134
-219.161
-202.471
-180.684
-311.459
-46.4641
-116.076
-140.295
326.856
-330.876
-313.154
-44.2373
-143.146
-49.2309
98.6731
102.102
-47.7272
-589.44
-263.663
-266.999
-163.099
-236.084
-278.736
-65.1477
171.528
-120.008
-362.679
-380.428
-266.916
-126.083
-504.043
-5.9959
-269.117
-326.546
-506.789
-154.553
-543.42
395.355
82.5812
283.597
259.22
-32.512
110.817
401.202
324.367
-557.157
-451.055
197.756
-183.664
175.811
-297.174
-725.525
-327.48
-490.381
-651.624
-390.785
-99.4804
-460.966
-188.118
-592.786
-185.015
-300.108
-135.052
-608.301
-341.93
-274.231
-204.952
-341.139
-183.866
335.834
201.351
261.243
249.99
421.366
250.982
567.482
693.12
-218.029
-436.034
263.974
-425.82
391.067
-277.974
-774.848
-330.109
-326.009
-55.7453
-361.747
-319.88
35.0549
-678.011
-224.07
-835.533
-582.498
-413.559
-610.446
-423.788
-392.215
-240.852
-428.499
-589.879
-487.379
-710.579
-589.546
-202.79
-384.48
-244.58
-876.027
-692.833
-388.671
-383.221
-418.527
-129.908
-222.716
-274.032
-420.807
-97.9325
456.474
447.573
556.879
521.881
409.528
396.637
261.07
618.657
-361.98
-1058.3
452.005
-654.4
447.976
-521.526
-460.819
-518.959
598.063
589.478
456.34
830.646
461.431
358.541
644.349
360.827
-462.243
-428.664
467.143
-1262.89
233.216
-601.241
-335.147
-399.368
764.433
236.12
5.90514
187.744
639.96
609.744
819.028
484.605
-795.071
-341.596
603.668
-439.174
333.51
-330.573
-874.55
-499.845
698.605
225.707
687.201
266.631
689.089
410.613
522.165
627.45
-590.109
-567.83
430.455
-790.794
224.827
-300.746
-599.637
-386.805
662.41
756.79
921.917
831.339
1081.07
441.157
389.46
317.955
-745.678
-573.857
608.27
-364.86
659.789
-281.368
-399.72
-653.772
665.626
725.816
519.556
702.962
445.079
646.26
1002.75
1076.21
-808.302
-464.462
589.569
-565.526
847.974
-379.35
-734.882
-849.376
67.8843
842.573
533.459
619.606
451.511
411.4
325.399
879.857
-769.277
-791.492
395.503
-143.32
518.355
-550.465
-629.435
-319.885
567.029
547.324
385.152
453.069
1012.76
619.195
410.222
698.32
-413.719
-851.436
82.7341
-325.387
408.114
13.6911
-141.507
-615.363
-291.162
-437.253
-571.84
-469.861
-375.038
-660.995
-637.533
-479.557
-281.635
-598.574
-140.328
-556.205
-288.119
-497
33.3785
-226.96
-197.672
235.056
-334.898
-70.7465
-83.6881
105.493
44.3266
-143.11
-344.845
25.5041
-475.218
-92.5782
-13.923
-37.8576
-275.597
-238.146
-114.179
344.97
109.208
-25.7134
171.983
-315.077
-89.8849
-264.204
109.664
407.304
-163.806
-46.3868
-22.259
-37.983
-2.71224
166.996
368.264
92.5405
61.591
208.016
-7.37095
-56.6815
30.5408
570.341
-227.491
-199.311
52.0611
63.4673
188.615
-516.309
-205.842
-216.908
-295.139
-107.872
-346.206
-258.334
-226.579
-48.9996
-26.1606
-5.07197
252.317
-223.368
-347.156
-91.182
-289.384
-235.687
-129.914
-350.654
252.168
-46.98
931.36
410.119
351.839
131.593
178.159
24.1065
-207.883
-254.722
112.174
-212.776
187.367
-576.484
18.3136
-614.2
-106.304
-239.875
115.37
-263.806
-345.714
-334.265
-272.66
-102.357
91.5258
20.3181
-3.20233
-129.432
-98.8369
-162.388
-493.571
-370.503
-162.976
-203.657
30.2268
-221.671
-318.55
91.9742
-378.59
-200.409
-395.65
-173.513
-307.309
-642.434
-145.552
-577.636
56.1648
-424.483
328.9
138.97
402.537
329.801
201.422
526.165
411.727
592.717
-449.125
-550.743
552.775
-411.639
514.455
-437.915
-504.326
-471.554
38.5868
-354.139
225.231
176.301
184.339
432.951
648.361
123.307
-535.492
-353.24
360.823
-364.842
460.666
-436.945
-390.572
-266.867
396.326
435.484
223.753
401.711
545.454
683.827
400.788
98.1934
-593.468
-462.882
423.641
-463.168
537.112
-242.59
-476.749
-561.003
753.868
597.785
478.788
651.409
159.188
365.019
681.354
867.642
-574.26
-494.812
508.372
-234.002
606.765
-413.337
-516.475
-490.089
666.16
264.776
446.849
360.668
373.877
456.108
486.733
581.779
-737.78
-450.694
410.872
-372.262
379.664
-460.774
-550.439
-523.937
612.238
398.756
532.568
573.308
502.62
566.937
447.591
580.542
-369.707
-426.045
466.831
-637.756
81.2469
-511.643
-642.312
-464.735
869.24
501.565
439.913
553.434
338.522
480.774
442.623
459.088
-694.989
-825.439
874.761
-818.778
319.983
-857.643
-723.636
-578.596
900.537
521.49
444.442
400.331
362.32
707.034
275.231
322.715
-519.955
-211.804
805.416
-519.405
687.279
-681.785
-434.396
-690.452
-590.286
-609.096
-654.767
-687.484
-649.441
-351.254
-364.392
-461.07
-639.758
-550.63
-724.201
-458.23
-400.753
-136.417
-395.354
-761.194
-595.547
-337.145
-696.27
-703.577
-701.102
-787.052
-525.111
-484.243
-444.781
-680.003
-662.571
-638.092
-574.779
-469.745
-765.058
-451.514
-881.212
-973.709
-671.574
-490.1
-715.09
-435.476
-862.021
-355.604
-792.972
-638.926
-596.927
-577.77
-544.101
-602.376
-454.396
-279.74
558.064
666.704
442.629
595.759
499.895
546.006
352.493
476.164
-364.351
-665.665
308.142
-355.44
376.756
-901.843
-584.843
-367.021
-383.139
-116.046
-547.64
-542.008
-441.026
-547.004
-613.285
-413.164
-461.214
-353.402
-239.617
-478.44
-232.924
-195.803
-177.884
-357.399
118.991
317.096
237.075
340.585
338.889
308.607
141.275
210.18
-390.524
-339.77
248.073
-145.104
-115.548
42.3657
-242.952
-284.296
130.44
-285.001
164.635
-257.405
-28.6462
49.5515
-282.207
-64.1061
-140.636
-33.9092
-109.246
247.768
-40.2171
-69.6603
50.7938
-110.746
154.56
-394.943
285.028
-433.169
-18.7749
-188.054
-386.502
-208.672
-107.841
0.699305
-107.542
238.996
-116.846
237.03
-47.7068
-27.8318
-5.45341
-217.121
245.294
312.033
-59.8339
-154.254
213.823
-152.069
-9.17028
64.5275
100.559
-228.02
291.237
-2.29536
-341.907
-162.36
82.4216
218.149
-9.15397
78.9499
-26.8686
232.576
52.5526
121.107
-510.724
54.1329
296.972
-622.221
273.542
-292.649
-394.376
-213.89
30.9271
430.865
438.75
-95.0767
-4.53279
283.458
280.783
391.206
-136.99
-601.622
100.314
-343.193
408.508
-326.798
-85.3403
-355.478
485.398
372.571
189.835
201.238
379.533
192.091
309.443
364.18
-340.489
-334.51
234.212
-65.368
513.339
-224.553
-378.645
-111.626
282.858
159.753
165.826
463.757
431.584
193.579
521.486
50.287
-618.448
-148.712
459.121
-556.369
-61.6739
-376.953
-124.494
-361.637
586.572
427.179
295.594
116.649
320.59
344.142
462.052
-78.4244
-344.818
-113.237
204.147
-387.852
207.797
-732.566
-656.386
-373.737
508.313
282.206
470.817
411.032
61.4979
327.592
356.858
507.451
-541.228
-597.132
409.85
-129.954
256.277
-516.502
-514.422
-440.952
633.682
105.348
639.985
314.34
527.861
512.266
598.362
285.219
-286.685
-463.391
360.028
-391.788
492.754
-559.584
-197.146
-351.982
-127.171
-203.448
139.283
-122.807
-523.759
-552.536
-385.228
-493.291
-541.231
-349.945
-409.894
-64.0845
-613.236
-351.729
-420.698
-701.623
-411.137
-668.498
-366.186
-315.645
-334.185
-352.417
-928.236
-674.332
-307.257
-669.989
-347.82
-479.12
-300.227
-549.988
-620.757
-281.085
-647.927
-624.099
-454.274
-666.231
-512.883
-822.776
-687.631
-916.575
-737.394
-319.405
-750.35
-657.485
-46.9985
-305.001
-652.865
-374.971
347.964
77.5721
363.609
889.03
454.123
719.803
431.04
652.551
-661.049
-392.08
429.705
-629.94
639.178
-405.929
-357.305
-278.982
-872.518
-593.759
-561.168
-644.375
-751.253
-407.952
-407.468
-786.642
-784.783
-581.513
-684.678
-704.855
-821.819
-819.421
-575.925
-755.077
681.222
409.913
620.457
343.624
292.342
586.444
547.4
802.441
-549.44
-511.295
785.558
-411.181
744.215
-530.516
-463.04
-874.95
-797.62
-596.393
-556.372
-887.176
-819.392
-668.568
-701.723
-821.293
-840.011
-494.495
-808.444
-599.119
-1044.86
-372.725
-618.387
-745.753
-592.178
-276.589
-378.661
-488.806
-676.344
-317.653
-229.371
-467.088
-422.115
-665.848
-227.493
-233.391
-490.644
-797.95
-357.526
-534.487
91.2847
424.72
662.234
261.753
554.174
387.256
768.573
539.344
-313.591
-180.964
131.946
-454.094
142.251
-544.438
5.01906
-366.884
344.163
198.103
327.216
131.859
46.168
574.421
424.714
453.437
-364.038
-402.183
209.33
-115.312
521.332
-228.221
-487.969
-111.257
87.4629
256.905
-48.8075
258.045
179.603
67.0124
-262.759
-89.632
1.14757
78.0863
240.563
-95.4652
141.231
-202.944
-223.694
-265.797
-250.973
388.631
113.59
241.79
493.687
249.963
-0.354087
-161.857
38.915
82.5057
697.553
-54.1699
264.324
-36.7962
200.903
108.845
487.16
-77.1144
-126.918
-105.23
150.957
-86.711
-8.21263
82.4968
-126.029
-92.7992
126.956
-153.328
125.32
-119.857
-130.348
-196.76
137.675
66.7843
64.1625
-27.1663
374.27
672.223
21.3268
4.60676
-211.169
-513.148
209.02
-145.928
558.459
-226.799
-382.133
-8.79481
45.613
225.971
515.202
590.429
226.905
157.242
132.422
89.9198
-166.315
1.27094
154.033
-507.915
57.3471
-122.381
-469.702
150.865
486.764
242.69
36.688
-64.558
376.402
735.316
218.789
271.01
-473.204
-289.668
342.954
-576.33
275.174
-488.591
-97.5392
-132.625
126.53
41.1182
4.10716
-449.386
-284.269
-361.171
-571.243
-700.521
-512.75
-519.521
-485.837
-507.37
-406.16
-265.37
-420.432
-335.386
-245.244
-550.2
47.3565
-109.857
-499.975
-468.217
-92.4178
-214.537
-361.742
-217.8
-162.785
-663.757
-653.782
-277.111
-233.819
-287.086
-144.409
-715.713
-389.303
-434.694
-382.137
-574.838
-341.079
-289.076
-269.397
-574.537
-448.269
-282.456
-439.44
-407.365
-750.383
-529.339
418.254
398.073
655.876
774.161
602.693
392.789
107.808
89.3119
-803.756
-397.658
250.386
-764.014
577.536
-494.185
-469.758
-329.68
-417.962
-417.181
-743.094
-816.987
-280.388
-595.56
-880.842
-493.27
-584.066
-607.286
-666.382
-269.713
-571.11
-553.293
-630.148
-260.95
352.485
613.223
500.612
809.204
395.781
778.433
75.2508
841.268
-652.414
-571.458
523.289
-821.559
610.451
-764.041
-643.858
-484.251
-668.438
-511.437
-622.057
-820.157
-636.146
-533.883
-478.169
-356.659
-527.349
-677.166
-482.469
-674.144
-594.598
-293.372
-721.212
-804.393
-982.508
-547.026
-539.088
-738.726
-789.245
-95.0087
-621.716
-786.168
-875.938
-630.029
-714.429
-696.121
-781.371
-564.046
-665.111
-723.496
827.417
544.773
869.643
877.297
584.401
693.115
497.638
439.088
-653.367
-573.873
609.977
-798.522
504.152
-738.548
-638.592
-671.002
669.392
290.424
723.439
982.226
384.256
712.184
541.843
817.285
-490.918
-482.106
414.104
-498.17
970.896
-409.396
-737.506
-198.71
548.272
239.307
719.983
558.379
964.36
888.785
567.041
188.287
-804.081
-697.613
450.402
-675.214
552.209
-472.076
-754.228
-612.763
646.681
305.061
416.015
461.166
587.822
507.131
839.248
759.414
-376.662
-658.176
674.818
-469.443
543.616
-759.868
-914.615
-1020.69
261.627
544.047
859.978
442.235
359.826
626.609
660.339
581.576
-265.569
-676.905
516.601
-326.276
114.186
-480.487
-183.653
-286.97
181.359
258.44
494.07
532.111
232.125
426.06
-57.7194
436.436
-150.603
4.35524
303.696
-276.639
451.073
-247.704
-241.281
-104.544
-78.6042
15.0184
-170.717
274.734
250.599
120.727
15.5047
124.397
-62.2728
-332.71
108.158
-234.818
389.2
-129.388
-142.759
17.9049
-177.556
263.519
459.404
265.727
-13.105
401.714
101.158
-235.131
-14.782
-100.467
238.389
85.2537
290.244
-248.257
-194.921
-391.923
32.6642
-84.2638
-160.872
157.02
-207.862
-347.797
-218.296
-378.232
-127.067
-224.112
-279.188
-77.7561
-57.6471
-36.4246
-46.9316
-133.646
-438.563
-192.067
-235.691
-239.546
-447.009
-239.421
-461.757
-218.596
-858.344
-284.983
-384.545
-195.995
-285.733
-497.485
110.911
-106.181
-105.591
-253.495
-377.068
-1.84967
-97.707
-410.338
-29.7294
-457.621
-547.376
-109.942
-419.383
16.6705
112.425
-254.011
-554.821
-11.5625
447.356
193.874
258.251
156.865
-309.863
468.115
42.4367
447.106
-431.232
-349.546
510.086
-568.798
380.537
-511.903
-261.341
-498.371
-261.382
-227.648
-431.891
-869.207
-814.255
-32.3112
-337.291
-346.348
-298.032
-543.413
-421.155
-354.395
-545.137
-356.111
-105.912
-120.266
-29.8065
806.574
544.507
-26.4114
371.896
296.641
260.642
397.961
-242.162
-420.639
186.118
-307.468
272.584
-429.746
-590.75
-267.232
-694.817
11.2978
-293.354
-31.9055
-460.05
-537.808
-414.949
-244.195
-347.088
-37.9099
-320.665
-350.853
-715.278
-241.52
-487.634
-389.642
-571.248
-634.776
-515.218
-725.906
-494.02
-590.751
-597.497
-657.003
-454.18
-363.033
-634.731
-168.993
-345.254
-558.874
-571.702
-511.704
741.646
309.83
572.028
722.953
308.469
573.55
466.422
485.743
-421.166
-422.475
419.426
-423.601
338.068
-645.018
-529.911
-96.314
590.772
287.272
431.672
530.421
606.768
634.597
594.142
429.759
-571.052
-425.525
365.705
-203.544
639.831
-67.6427
-432.559
-677.168
493.645
522.956
342.713
479.67
357.576
666.308
297.173
844.06
-708.186
-553.861
507.592
-777.621
460.717
-403.966
-592.779
-737.898
449.651
311.257
605.659
753.307
563.615
611.53
376.18
443.849
-629.827
-522.106
605.171
-547.092
717.211
-277.474
-685.997
-247.441
641.018
310.221
849.12
650.263
697.712
947.857
517.079
749.737
-1053.67
-268.093
772.388
-722.684
576.607
-438.64
-595.992
-832.081
431.348
481.699
441.422
676.872
219.778
1295.64
597.556
381.772
-618.724
-718.963
788.448
-537.83
890.912
-920.627
-303.017
-652.702
908.682
410.551
747.734
595.198
577.794
473.519
426.619
581.286
-634.829
-379.997
306.285
-968.167
775.966
-634.312
-787.377
-519.849
377.297
354.482
393.943
552.271
358.219
497.352
618.086
723.48
-297.308
-295.088
230.817
-105.728
751.214
-496.28
-731.378
-634.426
-393.037
-373.373
-627.813
-626.055
-212.32
-652.51
-486.822
-761.492
-591.353
-661.186
-65.4038
-241.388
-100.522
-36.6746
-459.763
-353.494
-307.979
-446.124
-632.495
-507.701
-263.21
-536.496
-414.219
-526.494
-440.63
24.4203
-713.19
-193.828
-344.088
-392.356
-224.913
-330.631
-658.026
-366.966
-145.893
-146.813
-507.16
-23.8947
-168.475
-287.072
-10.0319
-212.155
-273.708
-330
-209.871
-144.876
-135.233
170.77
102.241
255.749
587.145
478.799
202.354
-18.6186
-99.9001
158.562
136.142
122.936
347.26
317.159
-32.7017
-110.561
-274.559
-265.162
-103.098
-120.251
-106.318
-188.79
-430.06
-192.906
-414.223
-257.825
-552.6
-115.536
-909.596
-5.12746
-324.509
-251.277
-384.669
-171.995
357.697
214.387
233.066
33.4341
591.031
581.867
285.195
152.851
-335.193
-205.857
-63.2321
-246.416
396.566
-266.494
67.4336
-144.031
-592.043
-345.851
-302.851
-130.192
-490.253
-484.999
-307.577
-154.022
49.552
71.9037
-356.623
-414.172
-400.573
-391.64
-407.29
19.8397
-486.078
-452.78
-169.207
-470.538
-264.711
-505.529
-502.063
-280.374
-570.242
-595.105
-308.831
-500.472
-846.457
-242.999
-11.64
-296.603
530.81
457.672
646.456
567.493
299.995
256.827
389.998
420.705
-36.1568
-272.3
158.404
-504.535
403.94
-488.991
-399.008
-421.372
330.653
727.677
592.049
578.094
280.784
407.375
677.374
271.707
-570.115
-442.357
447.584
-661.339
183.392
-392.562
-218.013
-260.298
708.727
102.859
564.815
493.485
472.904
186.865
509.519
479.114
-347.087
-238.226
498.95
-687.198
461.762
-472.353
-404.803
-240.747
610.96
444.003
74.5367
392.275
851.059
619.828
740.857
590.45
-549.44
-481.395
629.285
-306.624
469.737
-299.454
-351.775
-556.113
267.192
167.327
261.574
539.446
178.659
754.483
119.528
269.108
-246.866
-391.017
556.408
-316.896
262.963
-97.8455
-424.134
-251.858
315.21
608.766
645.753
562.191
328.253
533.265
348.304
737.742
-786.019
-734.693
294.203
-327.691
341.17
-307.332
-647.2
-667.21
393.011
327.398
608.597
335.817
486.15
702.095
630.803
391.377
-408.168
-610.451
280.64
-587.12
621.14
-309.901
-596.004
-209.127
583.555
474.755
762.657
337.288
411.128
527.901
615.457
399.432
-437.152
-588.484
613.127
-856.954
552.87
-406.665
-261.901
-930.503
-213.802
-846.609
-657.525
-751.243
-241.387
-718.545
-225.27
-587.903
-698.954
-534.884
-243.178
-648.163
-303.207
-661.127
-384.069
-185.333
-862.359
-597.695
-490.757
-742.819
-688.374
-921.475
-519.413
-1026.21
-988.521
-703.85
-455.762
-864.698
-881.57
-740.358
-917.007
-544.279
-295.241
-456.34
-456.765
-468.801
-550.8
-537.739
-906.527
-332.462
-664.801
-443.809
-399.162
-603.048
-659.251
-641.579
-530.91
-329.457
315.599
270.863
472.494
623.935
489.338
442.384
1002.33
666.647
-697.5
-855.644
333.404
-362.036
726.01
-568.378
-456.92
-494.156
-497.874
-392.284
-367.972
-638.94
-635.258
-542.842
-125.731
-715.676
-171.42
-406.368
-408.844
-511.273
-899.445
-816.61
-825.871
-693.877
233.779
450.016
250.373
351.591
818.47
396.72
278.262
366.882
-719.779
-292.59
318.362
-352.552
390.729
-430.995
-478.021
-35.0246
-182.115
-333.812
-360.281
-310.436
-79.6687
-181.527
-402.929
-347.016
-157.506
-442.432
-347.468
-418.082
-3.18313
-89.9193
-282.195
-259.777
-171.435
-17.3254
51.6772
-291.236
-86.7835
-281.837
-186.364
-225.196
-191.099
-229.525
245.654
-198.562
-333.75
-151.365
-480.41
-116.589
-358.35
-108.751
-88.8811
-318.315
-210.91
-459.22
-312.29
-278.743
-442.992
64.5776
-332.411
-517.33
-456.982
-74.0303
-214.806
-459.64
-148.873
-588.128
-140.128
-228.096
98.8356
-166.708
-142.065
-366.99
-376.346
-393.096
-98.3373
-208.001
-174.123
-197.422
-201.845
-8.65207
-472.292
-195.136
-463.951
-268.216
-494.801
-323.957
-492.737
-369.079
123.184
-248.767
-269.785
-501.05
-273.842
-311.666
-66.7409
-740.422
-257.312
51.0497
-250.993
-459.644
-141.775
-496.086
-478.67
-70.6574
-329.443
-223.809
-466.55
-227.099
-682.073
-297.337
-281.321
-335.382
170.038
-353.82
-502.31
-452.454
-484.713
-439.244
-85.0233
-4.40122
-667.551
-562.72
-376.912
-726.212
-442.898
-226.476
-261.293
-642.544
-544.056
-54.7658
-481.1
-527.567
-258.738
-298.246
-591.348
-336.86
-565.852
-478.403
-805.014
-5.60412
-686.941
-344.847
-228.893
-227.433
-521.442
-390.064
-418.314
-334.488
-355.107
-607.977
-343.336
-624.77
71.5819
-540.337
14.4525
-210.489
-747.42
-1025.29
-233.101
-850.838
-471.58
-309.286
-413.111
-257.198
-496.692
-777.518
-331.719
-1036.82
-413.985
-530.279
-224.251
-861.746
-553.496
-565.924
-535.17
-606.685
-292.849
-410.077
-388.081
-150.373
-941.222
-762.993
-509.682
-186.021
6.52805
-652.114
-433.215
-568.523
-417.299
-717.336
-62.8736
-163.932
-522.985
-425.196
-602.576
-585.992
-508.784
-793.253
-777.106
-525.822
-776.603
-246.97
-179.593
-288.579
-538.987
-606.591
-624.963
-435.279
-83.332
-586.447
-758.2
-295.487
-541.364
-673.204
-527.821
-947.856
-540.732
-365.305
-331.306
-674.832
-743.955
-443.372
-178.247
-501.407
-532.916
-525.225
-352.145
-399.698
-338.429
-250.744
-631.796
-478.124
-847.755
-447.119
-448.167
-653.58
-841.3
-573.114
-735.297
-722.516
-463.556
-653.35
-645.027
-555.963
-648.848
-251.006
-694.421
-723.79
-607.099
-461.558
-911.274
-268.306
-467.526
-1047.05
-661.124
-303.022
-675.289
-522.495
-872.468
-629.884
-594.155
-643.366
-517.122
-880.594
-879.934
-833.952
-599.637
-636.297
-262.229
-907.804
-441.964
-870.777
-252.27
-932.052
-235.155
-686.307
-725.935
-802.69
-674.854
-563.092
-622.287
-499.233
-831.417
-460.776
-389.001
-696.242
-385.512
-784.746
-788.345
-360.185
-786.716
-937.721
-263.842
-251.474
-280.119
-705.09
-239.867
-228.488
-587.742
-496.895
-448.845
-737.16
-648.541
-343.58
-444.592
-603.627
-721.822
41.4554
-504.152
-752.126
-532.621
-373.854
-284.269
-833.652
-1010.36
-545.239
-861.172
-536.782
-652.066
-653.904
-641.693
-558.138
-740.824
-398.262
-448.973
-589.021
-383.448
-313.623
-439.591
-185.882
-554.058
-369.299
-545.898
-433.781
-474.916
-547.781
-260.87
-103.587
-173.042
-157.142
-487.599
-280.242
-524.818
-412.999
-40.4096
-147.107
-570.847
-258.421
-113.839
-39.8563
-370.521
-553.698
-252.554
-143.108
-237.552
-71.1073
-56.0898
-94.3495
-140.055
-209.422
-191.682
-86.4484
-275.369
138.071
-3.01031
-315.059
-58.2763
-409.768
237.659
-156.181
-132.078
-12.454
-54.0922
-396.656
243.935
-113.901
-319.841
-398.355
-278.695
-243.952
-39.7096
-239.466
34.7257
-599.742
-606.649
-484.402
-233.372
-99.8758
161.537
-730.581
-374.54
-276.111
42.5073
32.2064
-280.136
-276.841
-272.457
-555.65
-395.905
-176.229
-375.356
-340.51
-115.829
-411.29
-296.14
-456.952
-618.581
-180.726
-233.54
-409.201
-492.938
-382.971
-282.079
-374.403
-373.012
-278.76
-438.45
-611.262
-214.164
-252.07
8.80928
-618.118
-87.4437
-439.785
-831.663
-271.731
-333.804
-441.827
-707.931
-401.109
-355.974
-192.13
-675.222
-251.118
-322.669
-624.801
-234.313
-424.539
-192.752
-229.58
-672.123
-450.716
-557.292
-430.443
-678.31
-347.213
-610.817
-545.737
-279.619
-399.017
-448.039
-186.125
-719.654
-427.671
-600.108
-424.971
-509.199
-385.114
-420.025
-111.86
-585.219
-842.895
-409.523
-624.609
-438.619
-328.463
-985.339
-511.082
-394.506
-483.438
-320.211
-735.368
-333.682
-716.926
-437.512
-408.167
-600.435
-302.135
-356.033
-634.158
-675.579
-528.881
-439.97
-660.616
-669.158
-107.684
-517.89
-352.785
-348.124
-461.891
-529.948
-794.434
-156.508
-662.552
-317.684
-760.375
-544.184
-413.993
-736.224
-499.448
-448.196
-482.928
-386.193
-532.083
-671.387
-302.827
-324.367
-784.811
-321.573
-573.72
-253.782
-509.172
-745.882
-822.989
-759.065
-439.998
-227.683
-345.208
-474.076
-491.825
-326.129
-734.849
-611.602
-656.383
-481.042
-296.203
-948.501
-245.676
-224.797
-609.196
-449.552
-718.004
-575.977
-502.026
-813.337
-684.471
-244.936
-285.129
-183.705
-343.924
-487.606
-67.218
-873.648
-395.261
-324.242
-369.288
-507.627
-639.134
-507.702
-348.948
-593.392
-749.147
-569.304
-739.83
-1018
-576.604
-632.609
-568.764
-639.05
-977.405
-739.773
-251.387
-511.216
-354.173
-722.913
-529.312
-658.754
-194.973
-546.932
-768.986
-556.457
-517.328
-525.859
-1039.37
-414.234
-557.31
-683.406
-556.926
-936.882
-289.716
-916.139
-781.4
-525.771
-425.359
-256.387
-561.429
-721.767
-583.424
-380.653
-555.285
-925.291
-488.524
-811.707
-611.284
-798.661
-574.345
-283.832
-432.991
-536.262
-578.616
-441.206
-518.563
-310.753
-400.209
-455.142
-433.859
-573.266
-226.221
-677.736
-676.01
-867.602
-216.818
-757.286
-616
-600.034
-246.296
-507.867
-455.265
-375.121
-512.711
-668.57
-265.755
-641.903
-363.177
-326.776
-724.059
-508.86
-606.097
-331.753
-503.278
-489.418
-448.311
-496.889
-131.065
-641.805
-506.379
-724.198
-228.167
-439.773
-408.804
-581.682
-464.81
-541.987
-441.703
-320.384
-507.259
-163.488
-318.507
-253.898
-366.063
-37.3038
-470.107
-382.731
-566.156
-645.611
-147.883
-390.883
-63.953
-188.556
-632.295
-369.225
-224.319
-312.029
-234.614
-324.178
-325.192
-131.198
-163.748
-347.529
-562.534
-368.47
70.0143
-91.7646
-20.2718
-516.125
-391.442
-293.745
-185.94
-107.079
-263.865
239.099
-114.547
143.51
-87.3542
-485.368
-460.923
63.7693
-104.008
-248.251
55.4524
-40.7616
-231.929
107.794
-184.758
-178.639
-114.296
-383.979
-219.824
-205.791
-419.656
-507.584
-499.975
-75.3222
-156.912
-520.761
-277.032
-472.519
-591.712
56.9151
-265.652
-296.544
-316.446
-238.77
-328.91
-434.754
148.415
-310.943
-129.302
-393.618
-105.728
-592.936
-120.515
-385.175
-184.492
-266.847
-313.801
-358.099
-358.798
-532.846
-88.0884
13.3898
-343.959
-257.983
-300.247
-431.762
-194.002
-573.941
-299.113
-313.887
-370.756
-505.146
-410.449
-343.259
-274.624
-584.003
-426.678
-421.541
-312.417
-537.204
-549.034
-385.705
-134.754
-375.517
-519.598
-509.481
-445.184
-547.325
-71.8136
-1004.35
-432.248
-512.311
-359.015
-400.212
-479.629
-416.45
-354.078
-423.683
-673.109
-463.103
-334.205
-811.794
-294.407
-579.434
-275.842
-419.951
-207.419
-638.248
-298.252
-381.853
-557.56
-560.791
-513.166
-412.905
-898.925
-225.167
-685.237
-763.755
-700.276
-434.157
-407.637
-338.026
-769.162
-492.174
-527.939
-358.106
-127.029
-511.131
-550.022
-708.624
-280.48
-569.458
-440.132
-718.308
-565.625
-471.561
-424.129
-755.516
-622.734
-685.913
-685.972
-1115.53
-656.927
-752.553
-547.327
-619.897
-576.93
238.488
675.977
396.63
352.705
549.25
698.45
816.186
337.436
-584.921
-745.34
465.776
-649.013
563.518
-420.943
-168.114
-550.168
399.661
553.121
564.111
574.147
342.504
797.283
392.027
599.663
-586.291
-570.897
573.81
-469.946
219.204
-776.38
-782.896
-246.027
707.673
423.224
138.574
396.249
663.824
487.764
346.955
665.544
-473.755
-351.882
546.301
-70.8516
396.618
42.7265
-516.011
-327.619
667.824
444.568
777.564
450.982
709.208
345.737
575.728
366.387
-387.449
-560.78
120.083
-314.347
657.876
-577.978
-371.369
-754.097
340.74
547.844
444.154
661.986
253.794
586.412
714.21
479.996
-577.882
-784.007
250.392
-71.855
498.643
-505.071
-560.334
-252.404
420.039
487.732
321.566
502.347
643.619
586.815
714.401
701.011
-688.078
-430.405
571.206
-552.94
513.109
-381.308
-478.962
-582.776
690.56
848.148
393.288
519.702
354.119
753.027
560.734
351.038
-562.593
-329.723
605.911
-572.957
639.422
-745.34
-967.97
-418.175
699.344
637.524
477.564
550.608
632.856
637.579
998.374
451.463
-522.577
-425.307
774.51
-847.07
735.699
-1059.9
-1110.92
-580.884
-655.59
-642.144
-576.234
-593.131
-324.553
-316.072
-273.39
-677.433
-675.117
-900.032
-419.44
-547.207
-427.422
-49.8408
-572.087
-672.188
-627.142
-389.593
-552.488
-156.67
-764.807
-275.489
-348.023
-261.048
-488.389
-570.205
-401.717
-99.3749
-628.863
-676.122
-437.047
-19.4563
-841.567
-514.192
-174.44
-139.083
-299.201
-366.483
-122.324
-308.557
-403.994
-233.476
-253.709
-125.703
-17.618
-203.703
-94.6995
-214.181
127.677
20.4427
54.4791
80.8022
43.4817
324.97
307.039
-140.649
-96.9901
75.52
261.075
28.1238
160.724
71.0403
138.341
-318.729
-594.468
-18.781
-424.726
-158.816
-424.562
-665.666
-176.482
-147.913
-277.31
292.698
-288.156
-89.382
-218.979
-187.383
-454.429
-228.969
202.778
-163.267
84.3773
257.283
432.884
144.657
56.6374
20.2853
28.8522
-183.905
281.593
-174.448
439.877
-182.241
-312.065
-597.085
-81.5847
-503.005
-384.472
-234.598
-82.4822
18.0384
-170.764
-117.876
-238.857
-354.157
-323.455
35.7485
-399.961
-559.616
-343.425
-522.31
-177.787
-162.864
-295.297
-366.799
-345.988
-205.669
-192.831
-196.149
-398.261
-401.22
-595.446
-537.017
-346.347
-300.216
-192.244
-310.891
-293.5
-307.926
-326.836
-369.773
-485.773
-145.015
-360.156
-721.934
-539.198
-387.262
-649.897
-350.874
-683.573
-297.628
-157.682
-793.148
-709.943
-552.607
-386.615
-634.021
-768.532
-430.641
-510.471
-565.653
-71.2127
-537.069
-509.678
-467.231
-242.206
-689.035
-412.237
-627.612
-571.49
-372.634
-604.763
-501.341
-398.246
-658.978
-558.01
-453.071
-444.036
-401.923
-301.237
-450.459
-448.131
-415.99
-802.816
-640.536
-576.297
-731.303
-735.373
-552.523
-716.679
-734.319
-430.475
-704.388
-567.006
-360.055
-676.255
-663.88
-910.452
-352.77
-559.794
-633.706
-549.484
-692.706
-310.475
-221.022
-397.152
-677.357
-614.526
-699.059
-743.035
-718.57
-595.481
-260.072
-636.461
-639.171
-687.812
-601.609
-360.675
-420.666
-487.849
-536.454
-529.645
-467.346
-400.648
-147.215
-709.893
-581.261
-803.009
-594.318
-738.916
-478.44
-831.485
-461.211
-500.409
-591.155
-728.154
-393.962
-729.099
-614.885
-654.238
-492.282
-1023.05
-634.047
-250.778
-105.44
-499.939
-655.243
-666.757
-772.921
-532.102
-734.461
-464.857
-161.865
-401.857
-398.341
-311.462
-660.926
-729.199
-475.432
-868.019
-614.897
-401.897
-545.503
-587.294
-380.003
-511.241
-882.951
-576.125
-506.675
-662.699
-478.297
-535.134
-664.399
-386.639
-658.584
-440.261
-902.265
-718.942
-895.391
-54.4417
-591.903
-417.91
-920.564
-762.551
-371.491
-466.472
-850.473
-364.829
-717.561
-452.793
-560.681
-721.118
-635.153
-411.388
-506.323
-530.558
-275.78
-872.607
-868.105
-645.291
-388.644
-389.154
-520.302
-832.229
-836.338
-719.946
-182.683
-842.478
-678.836
-956.78
-434.018
-468.958
-890.117
-594.675
-845.777
-689.25
-306.907
-379.168
-633.885
-787.887
-440.4
-472.184
-585.488
-666.372
-572.02
-638.209
-387.19
-209.222
-709.946
-505.97
-497.989
-918.815
-631.328
-395.145
-579.821
-329.484
-544.634
-861.971
-823.33
-593.325
-225.431
-682.171
-620.898
-429.679
-840.546
-405.947
-214.834
-597.631
-469.504
-667.599
-744.946
-235.752
-346.072
-495.704
-408.921
-173.704
-170.672
-410.31
-395.595
-740.805
-721.624
-239.87
-76.3612
-386.24
-145.975
-499.8
-69.8034
-42.4184
-281.548
-10.4719
-80.7769
-458.684
-121.918
31.7787
-214.381
69.2933
-126.678
-511.622
-420.97
-359.383
-321.47
-492.378
-305.954
-444.298
46.7092
-142.095
-54.0562
-139.46
-197.343
-348.287
10.7421
-39.3193
-218.398
17.9879
128.474
362.403
126.695
-95.3768
120.299
81.5842
58.2715
6.58295
-199.872
-65.9629
511.695
224.279
53.0997
-119.464
3.38228
-140.752
9.93167
17.6256
334.492
171.222
439.409
260.642
303.352
-51.9165
-312.294
441.476
-420.062
97.9331
-180.345
-270.106
-279.578
103.943
241.251
-109.524
651.293
587.92
315.197
520.828
184.405
-198.684
-176.455
283.914
-450.427
54.2055
-237.376
-18.3685
-563.272
76.7669
162.322
-43.4647
215.794
244.735
185.709
502.972
372.111
-154.76
-268.191
221.424
-492.302
268.305
-583.704
-465.894
-411.608
373.336
184.139
612.709
310.033
417.804
448.308
566.679
746.692
-170.14
-217.712
269.927
-411.16
261.031
-504.897
-358.144
-418.749
296.024
285.376
253.499
510.301
579.702
356.505
369.337
-106.835
-552.823
-608.103
419.189
-450.906
670.692
-385.025
-610.037
-538.848
775.669
514.213
394.026
302.051
448.47
674.621
460.398
411.596
-512.25
-808.38
538.951
-697.162
330.128
-711.149
-548.629
-457.052
485.098
942.147
581.671
242.418
634.712
799.577
699.868
610.339
-714.667
-648.81
635.082
-728.134
572.791
-288.288
-916.592
-834.514
-237.325
-630.06
-656.015
-302.784
-704.163
-341.727
-590.185
-304.505
-705.215
-951.135
-195.631
-607.873
-566.003
-896.741
-417.239
-424.577
-224.141
-534.671
-697.086
-633.39
-404.394
-696.292
-594.924
-373.582
-682.298
-477.617
-622.625
-532.29
-495.302
-691.65
-323.182
-438.249
-745.49
-482.731
-891.903
-306.825
-317.988
-565.804
-404.61
-433.501
-523.023
-640.19
-603.55
-823.012
-542.061
-639.623
-673.566
-213.64
318.355
698.122
800.697
598.966
518.609
406.639
665.068
744.141
-394.578
-681.339
753.17
-575.46
1045.6
-450.694
-638.292
-781.959
-846.461
-787.635
-547.561
-648.024
-832.547
-522.638
-531.638
-537.766
-604.612
-438.594
-732.304
-378.834
-277.083
-442.665
66.764
-245.004
649.395
98.9546
413.672
170.322
457.239
528.986
313
753.328
-639.399
-908.719
492.104
-507.121
648.896
-765.471
-409.529
-553.702
-731.805
-719.048
-775.873
-568.113
-554.882
-164.372
-455.076
-873.493
-660.575
-899.797
-313.68
-772.668
-408.133
-535.866
-347.143
-699.5
-365.203
-448.681
-636.507
-758.163
-289.735
-518.785
-988.664
-423.834
-837.209
-740.169
-540.11
-363.837
-427.176
-346.401
-953.603
-768.242
-490.09
-764.198
-438.504
-736.04
-495.44
-135.117
-389.697
-699.385
-317.849
-344.414
-620.665
-793.031
-647.976
-223.022
-845.537
-751.69
-447.365
-290.017
-178.436
-48.5283
-497.436
-426.401
-478.595
-520.283
-521.144
-732.741
-414.878
-581.326
-255.105
-218.191
-344.59
-296.809
-493.066
-284.749
-340.115
-603.018
-649.992
-507.055
-470.418
-309.512
-703.501
-173.444
-116.228
-97.323
-108.91
-393.112
-123.979
-42.9065
-84.5848
-23.7515
-138.481
-68.0154
-110.857
-565.518
-473.196
69.7076
39.9954
171.855
-38.8761
106.288
-229.007
-110.627
-52.9593
68.3933
-165.935
151.594
-495.661
-172.325
-93.2149
-112.557
214.758
-134.686
-33.309
123.726
39.5916
1.98375
-228.607
197.057
-497.015
-453.372
-428.979
-242.91
-328.526
-560.935
-146.526
-75.9673
-384.165
-205.981
-281.496
-243.982
-426.304
-324.342
-354.193
16.4538
7.72381
-422.09
-132.25
-445.684
-575.86
-315.286
-297.937
-61.6624
116.395
-684.36
-603.571
-184.664
-392.972
27.1218
-76.85
-712.878
-459.374
-55.0617
-218.501
-259.298
-269.999
-485.625
-218.85
-492.596
-608.695
-36.1083
-291.042
-4.73519
-278.776
-474.911
-179.38
-388.965
-213.847
-570.457
-3.63442
-305.979
-486.585
-601.308
-335.358
-532.406
-520.523
-328.197
-88.3425
-251.39
43.1021
-411.681
-57.1145
-615.497
-309.73
-468.375
-430.789
-491.639
-397.714
-613.206
-337.13
-697.123
-278.353
-360.372
-504.84
-446.878
-236.395
-597.217
-525.551
-636.01
-802.077
-654.12
-105.519
-552.643
-202.226
-491.474
-431.759
-270.231
-390.32
-121.546
-656.282
-493.478
-717.601
-49.1936
-607.769
-690.125
30.9996
-479.85
-558.799
-151.985
-695.252
-438.451
-464.023
-419.614
-854.096
-290.904
-483.35
-634.45
-873.023
-956.464
-788.671
-219.068
-560.016
-737.811
-707.402
-498.424
-1008.79
-588.639
-647.741
-615.958
-359
-478.193
-552.07
-437.718
-745.463
-820.379
-512.154
-645.147
-406.407
-747.904
-705.977
-578.5
-460.543
-202.061
-590.905
-557.966
-576.696
-620.757
-610.318
-685.032
-845.17
-453.015
-647.146
-387.913
-840.191
-519.074
-500.508
-588.706
-389.211
-980.929
-533.326
-818.839
-998.677
-722.035
-811.57
-650.141
-486.017
-374.682
-934.469
-594.927
-409.735
-862.792
-670.288
-499.7
-272.727
-512.682
-724.689
-435.476
-650.929
-827.558
-586.703
-567.501
-482.408
-630.646
-532.574
-475.278
-397.314
-662.944
-571.977
-658.505
-793.643
-974.477
-954.143
-510.505
-709.78
-297.427
-434.138
-541.082
-442.161
-909.057
-785.979
-673.801
-474.331
-842.156
-753.515
-552.803
-453.633
-578.532
-571.08
-704.773
-641.326
-605.323
-616.282
-455.464
-387.687
-250.025
-582.743
-148.005
-611.096
-506.222
-565.9
-828.863
-729.562
-311.879
-456.017
-620.937
-869.786
-564.002
-631.006
-763.426
-916.145
-440.573
-715.234
-993.449
-643.685
-794.962
-418.018
-202.996
-250.909
-523.882
-688.814
-653.052
-802.417
-506.206
-717.26
-370.628
-488.369
-611
-180.982
-25.3567
-769.809
-398.222
-352.358
-495.648
-448.468
-479.322
-525.734
-571.807
-474.173
-367.38
-395.254
-735.509
-577.806
-558.265
-300.164
-527.444
-127.896
-675.627
-204.969
-509.012
-584.775
-254.443
-489.739
-232.613
-518.133
-246.655
-577.235
-569.67
-675.543
-666.851
-682.957
-348.969
-496.227
-313.106
-108.028
-689.053
-299.952
-828.852
-413.835
-548.668
-509.795
-320.546
-275.843
-196
-494.956
40.8242
93.1382
-230.71
-71.8532
-119.565
-200.717
-136.048
59.4436
-163.447
-444.506
-144.365
122.6
-103.291
1.6294
-363.218
128.634
-440.354
-143.592
-375.954
82.8363
-294.021
45.5797
-160.551
-293.584
45.8033
-101.313
-78.8885
-229.151
-13.4349
-256.693
202.48
-110.678
-253.4
-218.207
159.859
59.2308
-187.759
7.4241
-202.586
-230.651
-60.2128
-133.911
-90.9656
-146.745
-265.308
-10.2807
-46.1026
-676.784
-237.742
-38.7772
-435.728
-190.887
-158.152
18.812
-306.977
-303.56
-442.121
-236.561
-182.806
12.1435
-181.428
-180.777
-311.804
-292.883
-192.127
-94.6742
-167.516
59.2421
-266.793
-480.405
-316.917
-227.868
-440.54
-415.61
-458.912
-223.18
-242.363
-249.659
-290.118
-270.548
14.1595
-268.585
-34.7551
-41.6641
-396.645
-184.933
-399.955
-349.593
-404.297
-466.298
-585.239
-313.032
-624.699
-312.114
-583.567
-147.616
-421.641
-133.69
-179.112
16.6153
-208.727
-376.769
-531.335
-193.003
-624.537
-508.197
-899.135
-613.283
-330.307
-161.581
-294.409
-362.88
-270.887
-413.967
-637.939
-591.228
-490.682
-367.136
-735.143
-295.736
-145.509
-281.715
-317.949
-449.598
-401.762
-471.746
-513.303
-613.871
-286.763
-241.367
-627.558
-505.603
-582.37
-390.337
-496.93
-564.409
-764.418
-392.079
-766.287
-672.576
-593.075
-424.13
-711.544
-609.572
-578.742
-606.112
-733.788
-360.506
0
